50 124
0 15
0 32
1 23
2 42
2 43
2 47
2 48
3 4
3 11
3 15
3 16
3 36
3 40
3 41
4 8
4 19
4 33
4 49
5 14
5 20
5 24
5 26
5 28
5 45
6 7
6 30
6 35
6 41
7 16
7 21
7 32
7 34
7 42
7 47
8 12
8 30
8 42
8 44
9 16
9 17
9 31
9 32
9 38
10 20
10 30
10 37
10 41
10 47
10 49
11 12
11 25
11 47
12 13
12 17
12 22
12 36
12 42
12 44
12 46
13 17
13 21
13 28
13 31
14 44
14 49
15 20
15 36
15 42
15 43
15 44
16 30
16 48
17 18
17 26
17 29
17 32
17 36
18 21
18 36
18 39
19 27
19 35
19 36
19 37
19 44
19 45
19 46
20 44
20 45
21 48
22 23
22 35
22 43
22 49
24 36
24 44
24 48
25 28
25 48
26 47
27 40
28 39
28 48
29 42
29 47
30 41
31 36
32 38
32 39
32 41
32 44
33 44
35 37
35 38
35 42
36 46
36 47
37 46
38 40
38 48
39 41
43 46
45 46
45 48